3.382395967790608
2.8707439073007666
3.103176989986883
0.4213662152193849
3.0264173310888127
3.452516869943774
1.8567127984732537
2.2122863045301973
0.36578381098152013
1.2467400831800939
2.6573997934900166
2.251290632628272
2.8680938282467787
0.5993613087895308
1.0838642755775614
-1.2179050928355895
1.8454344535498541
1.0672686241664002
-0.714929896193981
-2.31028594993977
-1.350073227363624
-1.2257301186778349
-0.7768170423497165
-3.406442950609868
-1.3350618506082461
-1.1477475571410123
-1.5210772621551794
-2.5196205375077776
-2.596316831602008
-0.014188626909861002
-2.2868925799964597
-2.9830703417478155
-2.045018723848536
-0.916638028823835
-1.5198263075479108
0.21009740315868808
-1.8457347550377383
-0.6317389434511536
1.6742664145277355
-0.27521533064966963
0.6488998488150274
3.201685076793728
2.0032530609370744
2.6564035024543666
2.776324134699484
2.8235315579733227
3.7717973113722967
1.958982539980755
1.1813965999551077
3.3549974745446614
1.2446828937911483
-0.44421859260192065
0.9292215415602461
-0.4058745426624779
0.2562257270110275
0.2709869188098322
1.5934701611615538
-1.2940958247972614
-0.2314625977515764
-0.47902685835818826
-2.8659546463570127
-1.5045531105145196
-2.243641070145496
-5.240094053475641
-3.8575497001554475
-2.802877894553445
-1.4358736717629723
-3.0030990070379775
-2.3739537373852615
0.19590159208189628
-1.8114420057818703
0.3678281680252806
-2.2071275420642213
-1.4188971597973252
-0.14201300743691003
-0.577712492605474
-0.8715966841563703
0.6623273746347973
0.22009405105352242
1.7797194276514354
1.5872514344393114
1.9232453700931118
3.0720926269411106
2.520400496729991
3.5827445341915105
2.569196466875354
1.8538155549984818
2.678096324948193
2.409146947643357
0.252759902473217
2.1094675823957987
2.283076086360729
1.9602862116590454
2.8626533977414117
-0.20415549019178192
-0.2261394304715953
0.5775717241924727
-2.0307140041125775
-2.297977748163282
0.35462599782317383
