3.382395967790608
2.881446274744043
3.089367853383826
0.3821702174517507
3.071025500359168
3.5177465005629873
1.9460546007865323
2.324131790705924
0.5009834850330166
1.3687328028869223
2.786861773988977
2.3283859423750655
2.94944680738508
0.6853981647859507
1.175122647344754
-1.1617242863301556
1.8680718906751612
1.055793206039084
-0.7427030304982106
-2.3430614012737765
-1.4111362661469489
-1.360594023221662
-0.9673529320800434
-3.5319535008680485
-1.3810843882159851
-1.2014993061934063
-1.6255069806242668
-2.6388127155032826
-2.725616199188835
-0.22540746769677233
-2.579865814799624
-3.37670704296895
-2.5384153702904806
-1.4800854937124583
-2.2159607941288795
-0.6581506482765813
-2.8910762390113094
-1.820414725992312
0.24640951510913967
-1.9290577552132668
-1.1848922698833304
1.2435674531255219
0.050173510463372484
1.0302660496918141
1.7857404345161787
2.595832332825948
4.158294930139961
2.6073070249546504
1.9099955838787555
4.122970591702766
1.9982666452425906
0.3612999595312445
1.7454400142147148
0.5291770766122625
1.3349096081883316
1.4918576042145482
2.9947555987064867
0.32425394289421217
1.6695621800205438
1.710974942237547
-0.4216069993322231
1.0843520147102754
0.2217467972798097
-3.326463368313139
-2.831538695246895
-2.7893382302236165
-2.2102979013271393
-3.993787728728117
-3.4239580370376244
-0.8793577915854163
-2.918460050254042
-0.8268333660870755
-3.5459570320476814
-2.900203672011232
-1.786260878065948
-2.3736407775232196
-2.8882487117589433
-1.5818446379444957
-2.3844414287058893
-1.2152246540427523
-1.7132881621102487
-1.6416304306507685
-0.5185936611624127
-0.8354241931447481
0.5561072830083649
-0.07033819409058767
-0.3344406043032543
0.9765003002158137
1.3104483131091627
-0.15236404009089122
2.4752072747559493
3.341458676470523
3.4763523533126994
4.608185730797985
1.7339815105997496
1.92255718602724
3.01756122587173
0.7409092886614144
0.8687620750445912
3.9119927195587083
